Puzzle 1 - Binary stuff
30 30 31 31 30 30 31 31 20 30 30 31 31 30 31 31 31 20 30 30 31 30 30 30 30 30 20 30 30 31 31 30 30 31 30 20 30 30 31 31 30 30 30 30 20 30 30 31 30 30 30 30 30 20 30 30 31 31 30 30 31 31 20 30 30 31 31 30 30 31 30 20 30 30 31 30 30 30 30 30 20 30 30 31 31 30 30 31 31 20 30 30 31 31 30 31 30 31 20 30 30 31 30 30 30 30 30 20 30 30 31 31 30 30 31 30 20 30 30 31 31 30 30 30 30 20 30 30 31 30 30 30 30 30 20 30 30 31 31 30 30 31 31 20 30 30 31 31 30 30 30 31 20 30 30 31 30 30 30 30 30 20 30 30 31 31 30 30 31 30 20 30 30 31 31 30 30 30 30 20 30 30 31 30 30 30 30 30 20 30 30 31 31 30 30 31 31 20 30 30 31 31 30 30 31 30 20 30 30 31 30 30 30 30 30 20 30 30 31 31 30 30 31 31 20 30 30 31 31 30 30 30 30 20 30 30 31 30 30 30 30 30 20 30 30 31 31 30 30 31 30 20 30 30 31 31 30 30 30 30 20 30 30 31 30 30 30 30 30 20 30 30 31 31 30 30 31 31 20 30 30 31 31 30 30 31 30 20 30 30 31 30 30 30 30 30 20 30 30 31 31 30 30 31 31 20 30 30 31 31 30 30 30 30 20 30 30 31 30 30 30 30 30 20 30 30 31 31 30 30 31 30 20 30 30 31 31 30 30 30 30 20 30 30 31 30 30 30 30 30 20





Puzzle 2 - Cypher

Clue:	QFSCGMKDEYL=PQRSTUVWXYZ

Puzzle:	IUNPIJW

Cypher:

ABCDEFGHIJKLMNOPQRSTUVWXYZ
NHTAWOPBIXRZUJVQFSCGMKDEYL

Hint: QFSCGMKDEYL=PQRSTUVWXYZ